+-------+-----+-------+-----+-----+-----+--------+--------------------------------------------------------------------------+-------+-------+----------+-------+-------+-------+-------+--------+------------+-------------+---------------+------------+
| COUNT | 1XX |  2XX  | 3XX | 4XX | 5XX | METHOD |                                   URI                                    |  MIN  |  MAX  |   SUM    |  AVG  |  P90  |  P95  |  P99  | STDDEV | MIN(BODY)  |  MAX(BODY)  |   SUM(BODY)   | AVG(BODY)  |
+-------+-----+-------+-----+-----+-----+--------+--------------------------------------------------------------------------+-------+-------+----------+-------+-------+-------+-------+--------+------------+-------------+---------------+------------+
| 9788  | 0   | 9731  | 0   | 57  | 0   | POST   | /api/courses/[0-9a-zA-Z]{26}/classes/[0-9a-zA-Z]{26}/assignments$        | 0.020 | 5.004 | 5761.447 | 0.589 | 1.228 | 1.808 | 3.732 | 0.679  | 0.000      | 42.000      | 155.000       | 0.016      |
| 10687 | 0   | 10676 | 0   | 11  | 0   | GET    | /api/announcements/[0-9a-zA-Z]{26}$                                      | 0.008 | 5.004 | 1774.185 | 0.166 | 0.376 | 0.620 | 1.520 | 0.332  | 326.000    | 639.000     | 4314253.000   | 403.692    |
| 5699  | 0   | 5687  | 0   | 12  | 0   | GET    | /api/announcements                                                       | 0.000 | 5.001 | 1595.972 | 0.280 | 0.624 | 0.960 | 2.384 | 0.461  | 768.000    | 4178.000    | 19729509.000  | 3461.925   |
| 9772  | 0   | 9758  | 0   | 14  | 0   | GET    | /api/courses/[0-9a-zA-Z]{26}/classes$                                    | 0.004 | 5.000 | 1518.649 | 0.155 | 0.340 | 0.560 | 1.712 | 0.359  | 244.000    | 1704.000    | 7210148.000   | 737.837    |
| 802   | 0   | 796   | 0   | 6   | 0   | POST   | /api/announcements                                                       | 0.004 | 5.000 | 475.442  | 0.593 | 1.400 | 1.856 | 3.616 | 0.700  | 0.000      | 23.000      | 60.000        | 0.075      |
| 1794  | 0   | 1793  | 0   | 1   | 0   | GET    | /api/courses                                                             | 0.000 | 5.004 | 271.220  | 0.151 | 0.364 | 0.580 | 1.300 | 0.290  | 3.000      | 8200.000    | 7424479.000   | 4138.506   |
| 682   | 0   | 679   | 0   | 3   | 0   | GET    | /api/courses/[0-9a-zA-Z]{26}/classes/[0-9a-zA-Z]{26}/assignments/export$ | 0.020 | 2.616 | 231.093  | 0.339 | 0.860 | 1.056 | 1.620 | 0.373  | 14.000     | 1183102.000 | 214301712.000 | 314225.384 |
| 46    | 0   | 27    | 0   | 19  | 0   | GET    | /api/users/me/grades                                                     | 0.116 | 5.004 | 134.277  | 2.919 | 5.000 | 5.004 | 5.004 | 2.386  | 27120.000  | 28860.000   | 555028.000    | 12065.826  |
| 815   | 0   | 809   | 0   | 6   | 0   | POST   | /api/courses/[0-9a-zA-Z]{26}/classes$                                    | 0.004 | 4.960 | 132.997  | 0.163 | 0.356 | 0.620 | 1.908 | 0.399  | 15.000     | 42.000      | 34142.000     | 41.892     |
| 676   | 0   | 671   | 0   | 5   | 0   | PUT    | /api/courses/[0-9a-zA-Z]{26}/classes/[0-9a-zA-Z]{26}/assignments/scores$ | 0.012 | 5.000 | 128.519  | 0.190 | 0.396 | 0.692 | 2.412 | 0.416  | 0.000      | 34.000      | 93.000        | 0.138      |
| 585   | 0   | 584   | 0   | 1   | 0   | GET    | /api/users/me/courses                                                    | 0.004 | 3.400 | 100.672  | 0.172 | 0.360 | 0.532 | 1.760 | 0.289  | 3.000      | 2679.000    | 1261666.000   | 2156.694   |
| 589   | 0   | 586   | 0   | 3   | 0   | PUT    | /api/users/me/courses                                                    | 0.004 | 5.000 | 94.776   | 0.161 | 0.324 | 0.480 | 1.552 | 0.337  | 0.000      | 246.000     | 268.000       | 0.455      |
| 584   | 0   | 581   | 0   | 3   | 0   | GET    | /api/courses/[0-9a-zA-Z]{26}$                                            | 0.004 | 5.000 | 77.533   | 0.133 | 0.292 | 0.416 | 1.312 | 0.331  | 332.000    | 423.000     | 216930.000    | 371.455    |
| 451   | 0   | 449   | 0   | 2   | 0   | GET    | /api/users/me                                                            | 0.068 | 5.004 | 61.680   | 0.137 | 0.312 | 0.496 | 2.036 | 0.382  | 54.000     | 64.000      | 25473.000     | 56.481     |
| 404   | 0   | 399   | 0   | 5   | 0   | POST   | /api/courses                                                             | 0.004 | 2.956 | 53.613   | 0.133 | 0.280 | 0.460 | 1.548 | 0.300  | 20.000     | 43.000      | 14492.000     | 35.871     |
| 276   | 0   | 273   | 0   | 3   | 0   | PUT    | /api/courses/[0-9a-zA-Z]{26}/status$                                     | 0.004 | 1.984 | 33.716   | 0.122 | 0.240 | 0.512 | 1.680 | 0.249  | 0.000      | 23.000      | 60.000        | 0.217      |
| 153   | 0   | 150   | 0   | 3   | 0   | POST   | /login                                                                   | 0.004 | 1.052 | 7.052    | 0.046 | 0.080 | 0.152 | 0.464 | 0.104  | 0.000      | 26.000      | 78.000        | 0.510      |
| 2     | 0   | 2     | 0   | 0   | 0   | POST   | /initialize                                                              | 0.584 | 0.920 | 1.504    | 0.752 | 0.920 | 0.920 | 0.920 | 0.168  | 18.000     | 18.000      | 36.000        | 18.000     |
| 71    | 0   | 71    | 0   | 0   | 0   | GET    | /_nuxt/app.js                                                            | 0.001 | 0.033 | 0.800    | 0.011 | 0.025 | 0.026 | 0.033 | 0.009  | 460356.000 | 460356.000  | 32685276.000  | 460356.000 |
| 71    | 0   | 71    | 0   | 0   | 0   | GET    | /_nuxt/css/app.css                                                       | 0.000 | 0.021 | 0.394    | 0.006 | 0.012 | 0.016 | 0.021 | 0.005  | 26580.000  | 26580.000   | 1887180.000   | 26580.000  |
| 71    | 0   | 71    | 0   | 0   | 0   | GET    | /_nuxt/runtime.js                                                        | 0.000 | 0.021 | 0.388    | 0.005 | 0.012 | 0.016 | 0.021 | 0.005  | 1524.000   | 1524.000    | 108204.000    | 1524.000   |
| 71    | 0   | 71    | 0   | 0   | 0   | GET    | /favicon.png                                                             | 0.000 | 0.021 | 0.205    | 0.003 | 0.011 | 0.014 | 0.021 | 0.005  | 2943.000   | 2943.000    | 208953.000    | 2943.000   |
| 71    | 0   | 71    | 0   | 0   | 0   | GET    | /                                                                        | 0.000 | 0.000 | 0.000    | 0.000 | 0.000 | 0.000 | 0.000 | 0.000  | 2387.000   | 2387.000    | 169477.000    | 2387.000   |
+-------+-----+-------+-----+-----+-----+--------+--------------------------------------------------------------------------+-------+-------+----------+-------+-------+-------+-------+--------+------------+-------------+---------------+------------+
