+-------+-----+-------+-----+-----+-----+--------+--------------------------------------------------------------------------+-------+-------+----------+-------+-------+-------+-------+--------+------------+-------------+---------------+------------+
| COUNT | 1XX |  2XX  | 3XX | 4XX | 5XX | METHOD |                                   URI                                    |  MIN  |  MAX  |   SUM    |  AVG  |  P90  |  P95  |  P99  | STDDEV | MIN(BODY)  |  MAX(BODY)  |   SUM(BODY)   | AVG(BODY)  |
+-------+-----+-------+-----+-----+-----+--------+--------------------------------------------------------------------------+-------+-------+----------+-------+-------+-------+-------+--------+------------+-------------+---------------+------------+
| 9787  | 0   | 9732  | 0   | 55  | 0   | POST   | /api/courses/[0-9a-zA-Z]{26}/classes/[0-9a-zA-Z]{26}/assignments$        | 0.016 | 5.004 | 5956.516 | 0.609 | 1.276 | 1.912 | 4.132 | 0.711  | 0.000      | 42.000      | 155.000       | 0.016      |
| 10792 | 0   | 10781 | 0   | 11  | 0   | GET    | /api/announcements/[0-9a-zA-Z]{26}$                                      | 0.004 | 5.004 | 1748.528 | 0.162 | 0.352 | 0.568 | 1.516 | 0.331  | 307.000    | 614.000     | 4363440.000   | 404.322    |
| 5574  | 0   | 5563  | 0   | 11  | 0   | GET    | /api/announcements                                                       | 0.000 | 5.004 | 1626.484 | 0.292 | 0.652 | 0.980 | 2.552 | 0.476  | 38.000     | 4160.000    | 19204877.000  | 3445.439   |
| 9776  | 0   | 9770  | 0   | 6   | 0   | GET    | /api/courses/[0-9a-zA-Z]{26}/classes$                                    | 0.004 | 5.004 | 1550.512 | 0.159 | 0.364 | 0.584 | 1.740 | 0.343  | 256.000    | 1649.000    | 7356635.000   | 752.520    |
| 119   | 0   | 18    | 0   | 101 | 0   | GET    | /api/users/me/grades                                                     | 0.100 | 5.004 | 501.432  | 4.214 | 5.004 | 5.004 | 5.004 | 1.805  | 18016.000  | 28174.000   | 287190.000    | 2413.361   |
| 674   | 0   | 667   | 0   | 7   | 0   | POST   | /api/announcements                                                       | 0.008 | 5.000 | 417.692  | 0.620 | 1.480 | 2.348 | 4.164 | 0.780  | 0.000      | 23.000      | 60.000        | 0.089      |
| 1559  | 0   | 1558  | 0   | 1   | 0   | GET    | /api/courses                                                             | 0.000 | 4.972 | 244.896  | 0.157 | 0.384 | 0.592 | 1.520 | 0.310  | 3.000      | 7898.000    | 6027433.000   | 3866.217   |
| 567   | 0   | 563   | 0   | 4   | 0   | GET    | /api/courses/[0-9a-zA-Z]{26}/classes/[0-9a-zA-Z]{26}/assignments/export$ | 0.024 | 5.000 | 236.860  | 0.418 | 0.976 | 1.248 | 3.148 | 0.544  | 22.000     | 1183149.000 | 215703945.000 | 380430.238 |
| 561   | 0   | 557   | 0   | 4   | 0   | PUT    | /api/courses/[0-9a-zA-Z]{26}/classes/[0-9a-zA-Z]{26}/assignments/scores$ | 0.004 | 2.856 | 103.100  | 0.184 | 0.404 | 0.624 | 2.272 | 0.327  | 0.000      | 34.000      | 93.000        | 0.166      |
| 688   | 0   | 682   | 0   | 6   | 0   | POST   | /api/courses/[0-9a-zA-Z]{26}/classes$                                    | 0.004 | 2.728 | 101.180  | 0.147 | 0.348 | 0.580 | 1.740 | 0.289  | 15.000     | 42.000      | 28808.000     | 41.872     |
| 513   | 0   | 511   | 0   | 2   | 0   | PUT    | /api/users/me/courses                                                    | 0.004 | 2.608 | 88.144   | 0.172 | 0.392 | 0.700 | 1.188 | 0.252  | 0.000      | 246.000     | 268.000       | 0.522      |
| 509   | 0   | 508   | 0   | 1   | 0   | GET    | /api/users/me/courses                                                    | 0.004 | 2.788 | 78.660   | 0.155 | 0.340 | 0.508 | 0.992 | 0.256  | 3.000      | 2813.000    | 1051422.000   | 2065.662   |
| 509   | 0   | 507   | 0   | 2   | 0   | GET    | /api/courses/[0-9a-zA-Z]{26}$                                            | 0.004 | 2.828 | 75.372   | 0.148 | 0.388 | 0.588 | 1.296 | 0.275  | 15.000     | 501.000     | 191188.000    | 375.615    |
| 396   | 0   | 395   | 0   | 1   | 0   | GET    | /api/users/me                                                            | 0.004 | 2.516 | 45.212   | 0.114 | 0.276 | 0.472 | 1.176 | 0.245  | 22.000     | 64.000      | 22409.000     | 56.588     |
| 349   | 0   | 344   | 0   | 5   | 0   | POST   | /api/courses                                                             | 0.004 | 2.564 | 44.944   | 0.129 | 0.312 | 0.488 | 1.800 | 0.270  | 20.000     | 43.000      | 12512.000     | 35.851     |
| 236   | 0   | 233   | 0   | 3   | 0   | PUT    | /api/courses/[0-9a-zA-Z]{26}/status$                                     | 0.004 | 2.444 | 23.704   | 0.100 | 0.228 | 0.380 | 0.916 | 0.206  | 0.000      | 23.000      | 60.000        | 0.254      |
| 154   | 0   | 151   | 0   | 3   | 0   | POST   | /login                                                                   | 0.004 | 0.980 | 8.792    | 0.057 | 0.128 | 0.328 | 0.672 | 0.124  | 0.000      | 26.000      | 78.000        | 0.506      |
| 2     | 0   | 2     | 0   | 0   | 0   | POST   | /initialize                                                              | 0.604 | 0.969 | 1.573    | 0.786 | 0.969 | 0.969 | 0.969 | 0.182  | 18.000     | 18.000      | 36.000        | 18.000     |
| 71    | 0   | 71    | 0   | 0   | 0   | GET    | /_nuxt/app.js                                                            | 0.001 | 0.038 | 0.787    | 0.011 | 0.022 | 0.032 | 0.038 | 0.010  | 460356.000 | 460356.000  | 32685276.000  | 460356.000 |
| 71    | 0   | 71    | 0   | 0   | 0   | GET    | /_nuxt/runtime.js                                                        | 0.000 | 0.016 | 0.407    | 0.006 | 0.014 | 0.016 | 0.016 | 0.005  | 1524.000   | 1524.000    | 108204.000    | 1524.000   |
| 71    | 0   | 71    | 0   | 0   | 0   | GET    | /_nuxt/css/app.css                                                       | 0.000 | 0.016 | 0.354    | 0.005 | 0.012 | 0.016 | 0.016 | 0.005  | 26580.000  | 26580.000   | 1887180.000   | 26580.000  |
| 71    | 0   | 71    | 0   | 0   | 0   | GET    | /favicon.png                                                             | 0.000 | 0.016 | 0.200    | 0.003 | 0.010 | 0.012 | 0.016 | 0.004  | 2943.000   | 2943.000    | 208953.000    | 2943.000   |
| 71    | 0   | 71    | 0   | 0   | 0   | GET    | /                                                                        | 0.000 | 0.000 | 0.000    | 0.000 | 0.000 | 0.000 | 0.000 | 0.000  | 2387.000   | 2387.000    | 169477.000    | 2387.000   |
+-------+-----+-------+-----+-----+-----+--------+--------------------------------------------------------------------------+-------+-------+----------+-------+-------+-------+-------+--------+------------+-------------+---------------+------------+
