+-------+-----+-------+-----+-----+-----+--------+--------------------------------------------------------------------------+-------+-------+----------+-------+-------+-------+-------+--------+------------+-------------+---------------+------------+
| COUNT | 1XX |  2XX  | 3XX | 4XX | 5XX | METHOD |                                   URI                                    |  MIN  |  MAX  |   SUM    |  AVG  |  P90  |  P95  |  P99  | STDDEV | MIN(BODY)  |  MAX(BODY)  |   SUM(BODY)   | AVG(BODY)  |
+-------+-----+-------+-----+-----+-----+--------+--------------------------------------------------------------------------+-------+-------+----------+-------+-------+-------+-------+--------+------------+-------------+---------------+------------+
| 9319  | 0   | 9249  | 0   | 70  | 0   | POST   | /api/courses/[0-9a-zA-Z]{26}/classes/[0-9a-zA-Z]{26}/assignments$        | 0.016 | 5.004 | 6878.741 | 0.738 | 1.652 | 2.388 | 4.440 | 0.817  | 0.000      | 42.000      | 155.000       | 0.017      |
| 10564 | 0   | 10554 | 0   | 10  | 0   | GET    | /api/announcements/[0-9a-zA-Z]{26}$                                      | 0.004 | 5.004 | 2203.566 | 0.209 | 0.456 | 0.788 | 2.128 | 0.415  | 312.000    | 591.000     | 4198318.000   | 397.417    |
| 9287  | 0   | 9278  | 0   | 9   | 0   | GET    | /api/courses/[0-9a-zA-Z]{26}/classes$                                    | 0.004 | 5.004 | 1777.329 | 0.191 | 0.436 | 0.736 | 1.993 | 0.403  | 292.000    | 1690.000    | 6708300.000   | 722.332    |
| 5496  | 0   | 5490  | 0   | 6   | 0   | GET    | /api/announcements                                                       | 0.000 | 5.004 | 998.519  | 0.182 | 0.424 | 0.668 | 1.940 | 0.376  | 442.000    | 4084.000    | 18343233.000  | 3337.561   |
| 81    | 0   | 18    | 0   | 63  | 0   | GET    | /api/users/me/grades                                                     | 0.112 | 5.008 | 311.792  | 3.849 | 5.004 | 5.004 | 5.008 | 2.082  | 26502.000  | 27555.000   | 296640.000    | 3662.222   |
| 1335  | 0   | 1334  | 0   | 1   | 0   | GET    | /api/courses                                                             | 0.000 | 4.704 | 268.964  | 0.201 | 0.416 | 0.804 | 2.560 | 0.443  | 3.000      | 7908.000    | 5159788.000   | 3865.010   |
| 608   | 0   | 602   | 0   | 6   | 0   | GET    | /api/courses/[0-9a-zA-Z]{26}/classes/[0-9a-zA-Z]{26}/assignments/export$ | 0.028 | 5.004 | 256.125  | 0.421 | 0.932 | 1.176 | 3.204 | 0.588  | 23556.000  | 1182691.000 | 200966585.000 | 330537.146 |
| 728   | 0   | 723   | 0   | 5   | 0   | POST   | /api/announcements                                                       | 0.008 | 5.004 | 146.353  | 0.201 | 0.468 | 0.732 | 1.520 | 0.379  | 0.000      | 23.000      | 60.000        | 0.082      |
| 595   | 0   | 588   | 0   | 7   | 0   | PUT    | /api/courses/[0-9a-zA-Z]{26}/classes/[0-9a-zA-Z]{26}/assignments/scores$ | 0.008 | 5.000 | 130.468  | 0.219 | 0.476 | 0.768 | 2.704 | 0.477  | 0.000      | 34.000      | 93.000        | 0.156      |
| 739   | 0   | 732   | 0   | 7   | 0   | POST   | /api/courses/[0-9a-zA-Z]{26}/classes$                                    | 0.004 | 5.000 | 124.932  | 0.169 | 0.416 | 0.600 | 1.724 | 0.369  | 42.000     | 42.000      | 30908.000     | 41.824     |
| 437   | 0   | 435   | 0   | 2   | 0   | PUT    | /api/users/me/courses                                                    | 0.004 | 1.756 | 85.732   | 0.196 | 0.460 | 0.708 | 1.280 | 0.242  | 0.000      | 246.000     | 268.000       | 0.613      |
| 433   | 0   | 432   | 0   | 1   | 0   | GET    | /api/users/me/courses                                                    | 0.004 | 3.912 | 85.136   | 0.197 | 0.384 | 0.600 | 2.044 | 0.367  | 3.000      | 2649.000    | 828248.000    | 1912.813   |
| 436   | 0   | 434   | 0   | 2   | 0   | GET    | /api/courses/[0-9a-zA-Z]{26}$                                            | 0.008 | 2.572 | 79.336   | 0.182 | 0.420 | 0.792 | 2.148 | 0.337  | 15.000     | 423.000     | 159705.000    | 366.296    |
| 384   | 0   | 379   | 0   | 5   | 0   | POST   | /api/courses                                                             | 0.004 | 4.948 | 75.100   | 0.196 | 0.400 | 0.628 | 4.440 | 0.537  | 20.000     | 43.000      | 13772.000     | 35.865     |
| 431   | 0   | 430   | 0   | 1   | 0   | GET    | /api/users/me                                                            | 0.004 | 2.608 | 61.284   | 0.142 | 0.336 | 0.540 | 1.392 | 0.275  | 22.000     | 63.000      | 24404.000     | 56.622     |
| 254   | 0   | 250   | 0   | 4   | 0   | PUT    | /api/courses/[0-9a-zA-Z]{26}/status$                                     | 0.004 | 5.000 | 51.748   | 0.204 | 0.468 | 0.752 | 3.348 | 0.485  | 0.000      | 23.000      | 60.000        | 0.236      |
| 153   | 0   | 150   | 0   | 3   | 0   | POST   | /login                                                                   | 0.004 | 2.244 | 11.640   | 0.076 | 0.140 | 0.200 | 1.704 | 0.238  | 0.000      | 26.000      | 78.000        | 0.510      |
| 2     | 0   | 2     | 0   | 0   | 0   | POST   | /initialize                                                              | 0.664 | 1.084 | 1.748    | 0.874 | 1.084 | 1.084 | 1.084 | 0.210  | 18.000     | 18.000      | 36.000        | 18.000     |
| 70    | 0   | 70    | 0   | 0   | 0   | GET    | /_nuxt/app.js                                                            | 0.001 | 0.029 | 0.560    | 0.008 | 0.017 | 0.021 | 0.029 | 0.007  | 460356.000 | 460356.000  | 32224920.000  | 460356.000 |
| 70    | 0   | 70    | 0   | 0   | 0   | GET    | /_nuxt/runtime.js                                                        | 0.000 | 0.015 | 0.254    | 0.004 | 0.007 | 0.012 | 0.015 | 0.003  | 1524.000   | 1524.000    | 106680.000    | 1524.000   |
| 70    | 0   | 70    | 0   | 0   | 0   | GET    | /_nuxt/css/app.css                                                       | 0.000 | 0.015 | 0.247    | 0.004 | 0.007 | 0.012 | 0.015 | 0.003  | 26580.000  | 26580.000   | 1860600.000   | 26580.000  |
| 70    | 0   | 70    | 0   | 0   | 0   | GET    | /favicon.png                                                             | 0.000 | 0.015 | 0.167    | 0.002 | 0.006 | 0.010 | 0.015 | 0.003  | 2943.000   | 2943.000    | 206010.000    | 2943.000   |
| 70    | 0   | 70    | 0   | 0   | 0   | GET    | /                                                                        | 0.000 | 0.000 | 0.000    | 0.000 | 0.000 | 0.000 | 0.000 | 0.000  | 2387.000   | 2387.000    | 167090.000    | 2387.000   |
+-------+-----+-------+-----+-----+-----+--------+--------------------------------------------------------------------------+-------+-------+----------+-------+-------+-------+-------+--------+------------+-------------+---------------+------------+
