+-------+-----+------+-----+-----+-----+--------+--------------------------------------------------------------------------+-------+-------+----------+-------+-------+-------+-------+--------+------------+-------------+---------------+------------+
| COUNT | 1XX | 2XX  | 3XX | 4XX | 5XX | METHOD |                                   URI                                    |  MIN  |  MAX  |   SUM    |  AVG  |  P90  |  P95  |  P99  | STDDEV | MIN(BODY)  |  MAX(BODY)  |   SUM(BODY)   | AVG(BODY)  |
+-------+-----+------+-----+-----+-----+--------+--------------------------------------------------------------------------+-------+-------+----------+-------+-------+-------+-------+--------+------------+-------------+---------------+------------+
| 8221  | 0   | 8156 | 0   | 65  | 0   | POST   | /api/courses/[0-9a-zA-Z]{26}/classes/[0-9a-zA-Z]{26}/assignments$        | 0.004 | 5.004 | 6425.282 | 0.782 | 1.676 | 2.344 | 4.544 | 0.798  | 0.000      | 42.000      | 155.000       | 0.019      |
| 9231  | 0   | 9220 | 0   | 11  | 0   | GET    | /api/announcements/[0-9a-zA-Z]{26}$                                      | 0.004 | 5.000 | 2039.549 | 0.221 | 0.492 | 0.820 | 2.204 | 0.411  | 313.000    | 608.000     | 3678639.000   | 398.509    |
| 8210  | 0   | 8196 | 0   | 14  | 0   | GET    | /api/courses/[0-9a-zA-Z]{26}/classes$                                    | 0.004 | 5.000 | 1740.367 | 0.212 | 0.500 | 0.784 | 2.112 | 0.427  | 491.000    | 1565.000    | 5753466.000   | 700.788    |
| 5247  | 0   | 5240 | 0   | 7   | 0   | GET    | /api/announcements                                                       | 0.004 | 5.004 | 1045.843 | 0.199 | 0.480 | 0.768 | 1.872 | 0.387  | 681.000    | 4240.000    | 17325888.000  | 3302.056   |
| 1125  | 0   | 1123 | 0   | 2   | 0   | GET    | /api/courses                                                             | 0.000 | 5.000 | 232.102  | 0.206 | 0.504 | 0.816 | 2.044 | 0.390  | 6142.000   | 8044.000    | 4107376.000   | 3651.001   |
| 356   | 0   | 352  | 0   | 4   | 0   | GET    | /api/courses/[0-9a-zA-Z]{26}/classes/[0-9a-zA-Z]{26}/assignments/export$ | 0.040 | 5.004 | 157.273  | 0.442 | 1.016 | 1.192 | 2.896 | 0.532  | 22.000     | 1182558.000 | 175372492.000 | 492619.360 |
| 42    | 0   | 18   | 0   | 24  | 0   | GET    | /api/users/me/grades                                                     | 0.144 | 5.004 | 120.528  | 2.870 | 5.000 | 5.000 | 5.004 | 2.410  | 24979.000  | 25813.000   | 288186.000    | 6861.571   |
| 450   | 0   | 444  | 0   | 6   | 0   | POST   | /api/announcements                                                       | 0.004 | 5.004 | 120.508  | 0.268 | 0.552 | 0.952 | 2.804 | 0.531  | 0.000      | 23.000      | 60.000        | 0.133      |
| 368   | 0   | 367  | 0   | 1   | 0   | GET    | /api/users/me/courses                                                    | 0.008 | 4.380 | 92.579   | 0.252 | 0.552 | 0.832 | 2.068 | 0.423  | 3.000      | 2781.000    | 668189.000    | 1815.731   |
| 372   | 0   | 370  | 0   | 2   | 0   | PUT    | /api/users/me/courses                                                    | 0.004 | 3.400 | 92.285   | 0.248 | 0.524 | 0.900 | 2.160 | 0.372  | 0.000      | 246.000     | 268.000       | 0.720      |
| 462   | 0   | 456  | 0   | 6   | 0   | POST   | /api/courses/[0-9a-zA-Z]{26}/classes$                                    | 0.004 | 2.600 | 78.876   | 0.171 | 0.448 | 0.756 | 1.840 | 0.318  | 15.000     | 42.000      | 19316.000     | 41.810     |
| 349   | 0   | 345  | 0   | 4   | 0   | PUT    | /api/courses/[0-9a-zA-Z]{26}/classes/[0-9a-zA-Z]{26}/assignments/scores$ | 0.004 | 2.452 | 77.361   | 0.222 | 0.484 | 0.756 | 1.464 | 0.301  | 0.000      | 34.000      | 93.000        | 0.266      |
| 369   | 0   | 366  | 0   | 3   | 0   | GET    | /api/courses/[0-9a-zA-Z]{26}$                                            | 0.004 | 5.000 | 71.593   | 0.194 | 0.496 | 0.733 | 1.744 | 0.403  | 405.000    | 423.000     | 138452.000    | 375.209    |
| 315   | 0   | 314  | 0   | 1   | 0   | GET    | /api/users/me                                                            | 0.008 | 3.492 | 51.592   | 0.164 | 0.392 | 0.684 | 2.128 | 0.377  | 22.000     | 63.000      | 17817.000     | 56.562     |
| 269   | 0   | 264  | 0   | 5   | 0   | POST   | /api/courses                                                             | 0.004 | 2.968 | 41.925   | 0.156 | 0.356 | 0.672 | 1.744 | 0.315  | 20.000     | 43.000      | 9632.000      | 35.807     |
| 177   | 0   | 174  | 0   | 3   | 0   | PUT    | /api/courses/[0-9a-zA-Z]{26}/status$                                     | 0.004 | 4.740 | 27.225   | 0.154 | 0.276 | 0.524 | 3.356 | 0.471  | 0.000      | 23.000      | 60.000        | 0.339      |
| 152   | 0   | 149  | 0   | 3   | 0   | POST   | /login                                                                   | 0.588 | 1.152 | 10.808   | 0.071 | 0.140 | 0.240 | 1.060 | 0.148  | 0.000      | 26.000      | 78.000        | 0.513      |
| 2     | 0   | 2    | 0   | 0   | 0   | POST   | /initialize                                                              | 0.596 | 0.868 | 1.464    | 0.732 | 0.868 | 0.868 | 0.868 | 0.136  | 18.000     | 18.000      | 36.000        | 18.000     |
| 70    | 0   | 70   | 0   | 0   | 0   | GET    | /_nuxt/app.js                                                            | 0.002 | 0.037 | 0.760    | 0.011 | 0.024 | 0.035 | 0.037 | 0.010  | 460356.000 | 460356.000  | 32224920.000  | 460356.000 |
| 70    | 0   | 70   | 0   | 0   | 0   | GET    | /_nuxt/runtime.js                                                        | 0.000 | 0.020 | 0.330    | 0.005 | 0.014 | 0.016 | 0.020 | 0.005  | 1524.000   | 1524.000    | 106680.000    | 1524.000   |
| 70    | 0   | 70   | 0   | 0   | 0   | GET    | /_nuxt/css/app.css                                                       | 0.000 | 0.020 | 0.308    | 0.004 | 0.014 | 0.016 | 0.020 | 0.005  | 26580.000  | 26580.000   | 1860600.000   | 26580.000  |
| 70    | 0   | 70   | 0   | 0   | 0   | GET    | /favicon.png                                                             | 0.000 | 0.017 | 0.146    | 0.002 | 0.008 | 0.011 | 0.017 | 0.004  | 2943.000   | 2943.000    | 206010.000    | 2943.000   |
| 70    | 0   | 70   | 0   | 0   | 0   | GET    | /                                                                        | 0.000 | 0.000 | 0.000    | 0.000 | 0.000 | 0.000 | 0.000 | 0.000  | 2387.000   | 2387.000    | 167090.000    | 2387.000   |
+-------+-----+------+-----+-----+-----+--------+--------------------------------------------------------------------------+-------+-------+----------+-------+-------+-------+-------+--------+------------+-------------+---------------+------------+
