+-------+-----+-------+-----+-----+-----+--------+--------------------------------------------------------------------------+-------+-------+----------+-------+-------+-------+-------+--------+------------+-------------+---------------+------------+
| COUNT | 1XX |  2XX  | 3XX | 4XX | 5XX | METHOD |                                   URI                                    |  MIN  |  MAX  |   SUM    |  AVG  |  P90  |  P95  |  P99  | STDDEV | MIN(BODY)  |  MAX(BODY)  |   SUM(BODY)   | AVG(BODY)  |
+-------+-----+-------+-----+-----+-----+--------+--------------------------------------------------------------------------+-------+-------+----------+-------+-------+-------+-------+--------+------------+-------------+---------------+------------+
| 9276  | 0   | 9189  | 0   | 87  | 0   | POST   | /api/courses/[0-9a-zA-Z]{26}/classes/[0-9a-zA-Z]{26}/assignments$        | 0.016 | 5.004 | 6653.715 | 0.717 | 1.500 | 2.336 | 4.768 | 0.817  | 0.000      | 42.000      | 155.000       | 0.017      |
| 10471 | 0   | 10456 | 0   | 15  | 0   | GET    | /api/announcements/[0-9a-zA-Z]{26}$                                      | 0.004 | 5.004 | 2163.014 | 0.207 | 0.464 | 0.728 | 2.196 | 0.423  | 306.000    | 562.000     | 4185715.000   | 399.744    |
| 9230  | 0   | 9218  | 0   | 12  | 0   | GET    | /api/courses/[0-9a-zA-Z]{26}/classes$                                    | 0.004 | 5.004 | 1712.891 | 0.186 | 0.412 | 0.688 | 2.129 | 0.399  | 550.000    | 1623.000    | 6709062.000   | 726.876    |
| 5785  | 0   | 5778  | 0   | 7   | 0   | GET    | /api/announcements                                                       | 0.000 | 5.000 | 1060.136 | 0.183 | 0.404 | 0.664 | 1.920 | 0.397  | 400.000    | 4103.000    | 19666400.000  | 3399.551   |
| 95    | 0   | 18    | 0   | 77  | 0   | GET    | /api/users/me/grades                                                     | 0.108 | 5.004 | 381.752  | 4.018 | 5.004 | 5.004 | 5.004 | 1.964  | 26884.000  | 28436.000   | 298737.000    | 3144.600   |
| 1455  | 0   | 1454  | 0   | 1   | 0   | GET    | /api/courses                                                             | 0.000 | 4.640 | 266.964  | 0.183 | 0.444 | 0.700 | 1.860 | 0.369  | 3.000      | 7997.000    | 5219332.000   | 3587.170   |
| 559   | 0   | 556   | 0   | 3   | 0   | GET    | /api/courses/[0-9a-zA-Z]{26}/classes/[0-9a-zA-Z]{26}/assignments/export$ | 0.024 | 3.584 | 214.664  | 0.384 | 0.920 | 1.108 | 2.116 | 0.424  | 14.000     | 1182820.000 | 199894268.000 | 357592.608 |
| 679   | 0   | 673   | 0   | 6   | 0   | POST   | /api/announcements                                                       | 0.004 | 5.000 | 154.208  | 0.227 | 0.436 | 0.816 | 2.952 | 0.516  | 0.000      | 23.000      | 60.000        | 0.088      |
| 550   | 0   | 544   | 0   | 6   | 0   | PUT    | /api/courses/[0-9a-zA-Z]{26}/classes/[0-9a-zA-Z]{26}/assignments/scores$ | 0.012 | 5.000 | 147.136  | 0.268 | 0.584 | 1.072 | 3.412 | 0.566  | 0.000      | 34.000      | 93.000        | 0.169      |
| 691   | 0   | 684   | 0   | 7   | 0   | POST   | /api/courses/[0-9a-zA-Z]{26}/classes$                                    | 0.004 | 5.000 | 131.900  | 0.191 | 0.428 | 0.744 | 2.728 | 0.432  | 42.000     | 42.000      | 28892.000     | 41.812     |
| 478   | 0   | 476   | 0   | 2   | 0   | PUT    | /api/users/me/courses                                                    | 0.004 | 2.908 | 95.060   | 0.199 | 0.444 | 0.664 | 2.164 | 0.328  | 0.000      | 246.000     | 268.000       | 0.561      |
| 473   | 0   | 472   | 0   | 1   | 0   | GET    | /api/users/me/courses                                                    | 0.008 | 3.696 | 90.612   | 0.192 | 0.380 | 0.784 | 1.996 | 0.351  | 3.000      | 2679.000    | 955791.000    | 2020.700   |
| 401   | 0   | 400   | 0   | 1   | 0   | GET    | /api/users/me                                                            | 0.004 | 4.772 | 75.756   | 0.189 | 0.408 | 0.700 | 2.760 | 0.520  | 22.000     | 63.000      | 22675.000     | 56.546     |
| 474   | 0   | 472   | 0   | 2   | 0   | GET    | /api/courses/[0-9a-zA-Z]{26}$                                            | 0.004 | 3.668 | 68.516   | 0.145 | 0.352 | 0.516 | 1.452 | 0.275  | 15.000     | 423.000     | 179025.000    | 377.690    |
| 357   | 0   | 350   | 0   | 7   | 0   | POST   | /api/courses                                                             | 0.004 | 5.000 | 65.808   | 0.184 | 0.404 | 0.596 | 2.808 | 0.533  | 36.000     | 43.000      | 12728.000     | 35.653     |
| 225   | 0   | 222   | 0   | 3   | 0   | PUT    | /api/courses/[0-9a-zA-Z]{26}/status$                                     | 0.004 | 1.780 | 29.568   | 0.131 | 0.364 | 0.588 | 1.228 | 0.234  | 0.000      | 23.000      | 60.000        | 0.267      |
| 152   | 0   | 149   | 0   | 3   | 0   | POST   | /login                                                                   | 0.004 | 2.784 | 11.772   | 0.077 | 0.148 | 0.300 | 1.020 | 0.249  | 0.000      | 26.000      | 78.000        | 0.513      |
| 2     | 0   | 2     | 0   | 0   | 0   | POST   | /initialize                                                              | 0.628 | 1.048 | 1.676    | 0.838 | 1.048 | 1.048 | 1.048 | 0.210  | 18.000     | 18.000      | 36.000        | 18.000     |
| 70    | 0   | 70    | 0   | 0   | 0   | GET    | /_nuxt/app.js                                                            | 0.001 | 0.030 | 0.682    | 0.010 | 0.021 | 0.022 | 0.030 | 0.008  | 460356.000 | 460356.000  | 32224920.000  | 460356.000 |
| 70    | 0   | 70    | 0   | 0   | 0   | GET    | /_nuxt/runtime.js                                                        | 0.000 | 0.017 | 0.311    | 0.004 | 0.009 | 0.011 | 0.017 | 0.004  | 1524.000   | 1524.000    | 106680.000    | 1524.000   |
| 70    | 0   | 70    | 0   | 0   | 0   | GET    | /_nuxt/css/app.css                                                       | 0.000 | 0.017 | 0.285    | 0.004 | 0.009 | 0.011 | 0.017 | 0.004  | 26580.000  | 26580.000   | 1860600.000   | 26580.000  |
| 70    | 0   | 70    | 0   | 0   | 0   | GET    | /favicon.png                                                             | 0.000 | 0.016 | 0.196    | 0.003 | 0.008 | 0.011 | 0.016 | 0.004  | 2943.000   | 2943.000    | 206010.000    | 2943.000   |
| 70    | 0   | 70    | 0   | 0   | 0   | GET    | /                                                                        | 0.000 | 0.000 | 0.000    | 0.000 | 0.000 | 0.000 | 0.000 | 0.000  | 2387.000   | 2387.000    | 167090.000    | 2387.000   |
+-------+-----+-------+-----+-----+-----+--------+--------------------------------------------------------------------------+-------+-------+----------+-------+-------+-------+-------+--------+------------+-------------+---------------+------------+
